n=  2 prod=       2 [[2]]
n=  3 prod=       3 [[3]]
n=  4 prod=       4 [[4], [2, 2]]
n=  5 prod=       6 [[3, 2]]
n=  6 prod=       9 [[3, 3]]
n=  7 prod=      12 [[4, 3], [3, 2, 2]]
n=  8 prod=      18 [[3, 3, 2]]
n=  9 prod=      27 [[3, 3, 3]]
n= 10 prod=      36 [[4, 3, 3], [3, 3, 2, 2]]
n= 11 prod=      54 [[3, 3, 3, 2]]
n= 12 prod=      81 [[3, 3, 3, 3]]
n= 13 prod=     108 [[4, 3, 3, 3], [3, 3, 3, 2, 2]]
n= 14 prod=     162 [[3, 3, 3, 3, 2]]
n= 15 prod=     243 [[3, 3, 3, 3, 3]]
n= 16 prod=     324 [[4, 3, 3, 3, 3], [3, 3, 3, 3, 2, 2]]
n= 17 prod=     486 [[3, 3, 3, 3, 3, 2]]
n= 18 prod=     729 [[3, 3, 3, 3, 3, 3]]
n= 19 prod=     972 [[4, 3, 3, 3, 3, 3], [3, 3, 3, 3, 3, 2, 2]]
n= 20 prod=    1458 [[3, 3, 3, 3, 3, 3, 2]]
n= 21 prod=    2187 [[3, 3, 3, 3, 3, 3, 3]]
n= 22 prod=    2916 [[4, 3, 3, 3, 3, 3, 3], [3, 3, 3, 3, 3, 3, 2, 2]]
n= 23 prod=    4374 [[3, 3, 3, 3, 3, 3, 3, 2]]
n= 24 prod=    6561 [[3, 3, 3, 3, 3, 3, 3, 3]]
n= 25 prod=    8748 [[4, 3, 3, 3, 3, 3, 3, 3], [3, 3, 3, 3, 3, 3, 3, 2, 2]]
n= 26 prod=   13122 [[3, 3, 3, 3, 3, 3, 3, 3, 2]]
n= 27 prod=   19683 [[3, 3, 3, 3, 3, 3, 3, 3, 3]]
n= 28 prod=   26244 [[4, 3, 3, 3, 3, 3, 3, 3, 3], [3, 3, 3, 3, 3, 3, 3, 3, 2, 2]]
n= 29 prod=   39366 [[3, 3, 3, 3, 3, 3, 3, 3, 3, 2]]
n= 30 prod=   59049 [[3, 3, 3, 3, 3, 3, 3, 3, 3, 3]]
n= 31 prod=   78732 [[4, 3, 3, 3, 3, 3, 3, 3, 3, 3], [3, 3, 3, 3, 3, 3, 3, 3, 3, 2, 2]]
n= 32 prod=  118098 [[3, 3, 3, 3, 3, 3, 3, 3, 3, 3, 2]]
n= 33 prod=  177147 [[3, 3, 3, 3, 3, 3, 3, 3, 3, 3, 3]]
n= 34 prod=  236196 [[4, 3, 3, 3, 3, 3, 3, 3, 3, 3, 3], [3, 3, 3, 3, 3, 3, 3, 3, 3, 3, 2, 2]]
n= 35 prod=  354294 [[3, 3, 3, 3, 3, 3, 3, 3, 3, 3, 3, 2]]
n= 36 prod=  531441 [[3, 3, 3, 3, 3, 3, 3, 3, 3, 3, 3, 3]]
n= 37 prod=  708588 [[4, 3, 3, 3, 3, 3, 3, 3, 3, 3, 3, 3], [3, 3, 3, 3, 3, 3, 3, 3, 3, 3, 3, 2, 2]]
n= 38 prod= 1062882 [[3, 3, 3, 3, 3, 3, 3, 3, 3, 3, 3, 3, 2]]
n= 39 prod= 1594323 [[3, 3, 3, 3, 3, 3, 3, 3, 3, 3, 3, 3, 3]]
n= 40 prod= 2125764 [[4, 3, 3, 3, 3, 3, 3, 3, 3, 3, 3, 3, 3], [3, 3, 3, 3, 3, 3, 3, 3, 3, 3, 3, 3, 2, 2]]
n= 41 prod= 3188646 [[3, 3, 3, 3, 3, 3, 3, 3, 3, 3, 3, 3, 3, 2]]
n= 42 prod= 4782969 [[3, 3, 3, 3, 3, 3, 3, 3, 3, 3, 3, 3, 3, 3]]
n= 43 prod= 6377292 [[4, 3, 3, 3, 3, 3, 3, 3, 3, 3, 3, 3, 3, 3], [3, 3, 3, 3, 3, 3, 3, 3, 3, 3, 3, 3, 3, 2, 2]]
n= 44 prod= 9565938 [[3, 3, 3, 3, 3, 3, 3, 3, 3, 3, 3, 3, 3, 3, 2]]
n= 45 prod=14348907 [[3, 3, 3, 3, 3, 3, 3, 3, 3, 3, 3, 3, 3, 3, 3]]
n= 46 prod=19131876 [[4, 3, 3, 3, 3, 3, 3, 3, 3, 3, 3, 3, 3, 3, 3], [3, 3, 3, 3, 3, 3, 3, 3, 3, 3, 3, 3, 3, 3, 2, 2]]
n= 47 prod=28697814 [[3, 3, 3, 3, 3, 3, 3, 3, 3, 3, 3, 3, 3, 3, 3, 2]]
n= 48 prod=43046721 [[3, 3, 3, 3, 3, 3, 3, 3, 3, 3, 3, 3, 3, 3, 3, 3]]
n= 49 prod=57395628 [[4, 3, 3, 3, 3, 3, 3, 3, 3, 3, 3, 3, 3, 3, 3, 3], [3, 3, 3, 3, 3, 3, 3, 3, 3, 3, 3, 3, 3, 3, 3, 2, 2]]
n= 50 prod=86093442 [[3, 3, 3, 3, 3, 3, 3, 3, 3, 3, 3, 3, 3, 3, 3, 3, 2]]
n= 51 prod=129140163 [[3, 3, 3, 3, 3, 3, 3, 3, 3, 3, 3, 3, 3, 3, 3, 3, 3]]
n= 52 prod=172186884 [[4, 3, 3, 3, 3, 3, 3, 3, 3, 3, 3, 3, 3, 3, 3, 3, 3], [3, 3, 3, 3, 3, 3, 3, 3, 3, 3, 3, 3, 3, 3, 3, 3, 2, 2]]
n= 53 prod=258280326 [[3, 3, 3, 3, 3, 3, 3, 3, 3, 3, 3, 3, 3, 3, 3, 3, 3, 2]]
n= 54 prod=387420489 [[3, 3, 3, 3, 3, 3, 3, 3, 3, 3, 3, 3, 3, 3, 3, 3, 3, 3]]
n= 55 prod=516560652 [[4, 3, 3, 3, 3, 3, 3, 3, 3, 3, 3, 3, 3, 3, 3, 3, 3, 3], [3, 3, 3, 3, 3, 3, 3, 3, 3, 3, 3, 3, 3, 3, 3, 3, 3, 2, 2]]
n= 56 prod=774840978 [[3, 3, 3, 3, 3, 3, 3, 3, 3, 3, 3, 3, 3, 3, 3, 3, 3, 3, 2]]
n= 57 prod=1162261467 [[3, 3, 3, 3, 3, 3, 3, 3, 3, 3, 3, 3, 3, 3, 3, 3, 3, 3, 3]]
n= 58 prod=1549681956 [[4, 3, 3, 3, 3, 3, 3, 3, 3, 3, 3, 3, 3, 3, 3, 3, 3, 3, 3], [3, 3, 3, 3, 3, 3, 3, 3, 3, 3, 3, 3, 3, 3, 3, 3, 3, 3, 2, 2]]
n= 59 prod=2324522934 [[3, 3, 3, 3, 3, 3, 3, 3, 3, 3, 3, 3, 3, 3, 3, 3, 3, 3, 3, 2]]
n= 60 prod=3486784401 [[3, 3, 3, 3, 3, 3, 3, 3, 3, 3, 3, 3, 3, 3, 3, 3, 3, 3, 3, 3]]
n= 61 prod=4649045868 [[4, 3, 3, 3, 3, 3, 3, 3, 3, 3, 3, 3, 3, 3, 3, 3, 3, 3, 3, 3], [3, 3, 3, 3, 3, 3, 3, 3, 3, 3, 3, 3, 3, 3, 3, 3, 3, 3, 3, 2, 2]]
n= 62 prod=6973568802 [[3, 3, 3, 3, 3, 3, 3, 3, 3, 3, 3, 3, 3, 3, 3, 3, 3, 3, 3, 3, 2]]
n= 63 prod=10460353203 [[3, 3, 3, 3, 3, 3, 3, 3, 3, 3, 3, 3, 3, 3, 3, 3, 3, 3, 3, 3, 3]]
n= 64 prod=13947137604 [[4, 3, 3, 3, 3, 3, 3, 3, 3, 3, 3, 3, 3, 3, 3, 3, 3, 3, 3, 3, 3], [3, 3, 3, 3, 3, 3, 3, 3, 3, 3, 3, 3, 3, 3, 3, 3, 3, 3, 3, 3, 2, 2]]
n= 65 prod=20920706406 [[3, 3, 3, 3, 3, 3, 3, 3, 3, 3, 3, 3, 3, 3, 3, 3, 3, 3, 3, 3, 3, 2]]
n= 66 prod=31381059609 [[3, 3, 3, 3, 3, 3, 3, 3, 3, 3, 3, 3, 3, 3, 3, 3, 3, 3, 3, 3, 3, 3]]
n= 67 prod=41841412812 [[4, 3, 3, 3, 3, 3, 3, 3, 3, 3, 3, 3, 3, 3, 3, 3, 3, 3, 3, 3, 3, 3], [3, 3, 3, 3, 3, 3, 3, 3, 3, 3, 3, 3, 3, 3, 3, 3, 3, 3, 3, 3, 3, 2, 2]]
n= 68 prod=62762119218 [[3, 3, 3, 3, 3, 3, 3, 3, 3, 3, 3, 3, 3, 3, 3, 3, 3, 3, 3, 3, 3, 3, 2]]
n= 69 prod=94143178827 [[3, 3, 3, 3, 3, 3, 3, 3, 3, 3, 3, 3, 3, 3, 3, 3, 3, 3, 3, 3, 3, 3, 3]]
n= 70 prod=125524238436 [[4, 3, 3, 3, 3, 3, 3, 3, 3, 3, 3, 3, 3, 3, 3, 3, 3, 3, 3, 3, 3, 3, 3], [3, 3, 3, 3, 3, 3, 3, 3, 3, 3, 3, 3, 3, 3, 3, 3, 3, 3, 3, 3, 3, 3, 2, 2]]
n= 71 prod=188286357654 [[3, 3, 3, 3, 3, 3, 3, 3, 3, 3, 3, 3, 3, 3, 3, 3, 3, 3, 3, 3, 3, 3, 3, 2]]
n= 72 prod=282429536481 [[3, 3, 3, 3, 3, 3, 3, 3, 3, 3, 3, 3, 3, 3, 3, 3, 3, 3, 3, 3, 3, 3, 3, 3]]
n= 73 prod=376572715308 [[4, 3, 3, 3, 3, 3, 3, 3, 3, 3, 3, 3, 3, 3, 3, 3, 3, 3, 3, 3, 3, 3, 3, 3], [3, 3, 3, 3, 3, 3, 3, 3, 3, 3, 3, 3, 3, 3, 3, 3, 3, 3, 3, 3, 3, 3, 3, 2, 2]]
n= 74 prod=564859072962 [[3, 3, 3, 3, 3, 3, 3, 3, 3, 3, 3, 3, 3, 3, 3, 3, 3, 3, 3, 3, 3, 3, 3, 3, 2]]
n= 75 prod=847288609443 [[3, 3, 3, 3, 3, 3, 3, 3, 3, 3, 3, 3, 3, 3, 3, 3, 3, 3, 3, 3, 3, 3, 3, 3, 3]]
n= 76 prod=1129718145924 [[4, 3, 3, 3, 3, 3, 3, 3, 3, 3, 3, 3, 3, 3, 3, 3, 3, 3, 3, 3, 3, 3, 3, 3, 3], [3, 3, 3, 3, 3, 3, 3, 3, 3, 3, 3, 3, 3, 3, 3, 3, 3, 3, 3, 3, 3, 3, 3, 3, 2, 2]]
n= 77 prod=1694577218886 [[3, 3, 3, 3, 3, 3, 3, 3, 3, 3, 3, 3, 3, 3, 3, 3, 3, 3, 3, 3, 3, 3, 3, 3, 3, 2]]
n= 78 prod=2541865828329 [[3, 3, 3, 3, 3, 3, 3, 3, 3, 3, 3, 3, 3, 3, 3, 3, 3, 3, 3, 3, 3, 3, 3, 3, 3, 3]]
n= 79 prod=3389154437772 [[4, 3, 3, 3, 3, 3, 3, 3, 3, 3, 3, 3, 3, 3, 3, 3, 3, 3, 3, 3, 3, 3, 3, 3, 3, 3], [3, 3, 3, 3, 3, 3, 3, 3, 3, 3, 3, 3, 3, 3, 3, 3, 3, 3, 3, 3, 3, 3, 3, 3, 3, 2, 2]]
n= 80 prod=5083731656658 [[3, 3, 3, 3, 3, 3, 3, 3, 3, 3, 3, 3, 3, 3, 3, 3, 3, 3, 3, 3, 3, 3, 3, 3, 3, 3, 2]]
n= 81 prod=7625597484987 [[3, 3, 3, 3, 3, 3, 3, 3, 3, 3, 3, 3, 3, 3, 3, 3, 3, 3, 3, 3, 3, 3, 3, 3, 3, 3, 3]]
n= 82 prod=10167463313316 [[4, 3, 3, 3, 3, 3, 3, 3, 3, 3, 3, 3, 3, 3, 3, 3, 3, 3, 3, 3, 3, 3, 3, 3, 3, 3, 3], [3, 3, 3, 3, 3, 3, 3, 3, 3, 3, 3, 3, 3, 3, 3, 3, 3, 3, 3, 3, 3, 3, 3, 3, 3, 3, 2, 2]]
n= 83 prod=15251194969974 [[3, 3, 3, 3, 3, 3, 3, 3, 3, 3, 3, 3, 3, 3, 3, 3, 3, 3, 3, 3, 3, 3, 3, 3, 3, 3, 3, 2]]
